image: Layout2019IC01.pgm
resolution: 0.05
origin: [-2.50817, -3.94932, 0.0]
negate: 0
occupied_thresh: 0.65
free_thresh: 0.196
