image: Layout2019HM02.pgm
resolution: 0.050000
origin: [-2.400000, -4.441440, 0.000000]
negate: 0
occupied_thresh: 0.65
free_thresh: 0.196

