image: Layout2021HM01.pgm
resolution: 0.050000
origin: [-7.690373, -11.926620, 0.000000]
negate: 0
occupied_thresh: 0.65
free_thresh: 0.196

