image: Layout2019HM01.pgm
resolution: 0.050000
origin: [-2.135000, -7.674914, 0.000000]
negate: 0
occupied_thresh: 0.65
free_thresh: 0.196

