image: Layout2020HM01.pgm
resolution: 0.050000
origin: [-1.965149, -2.842135, 0.000000]
negate: 0
occupied_thresh: 0.65
free_thresh: 0.196

